2023-01-18T15:38:43+01:00,Central spin expectation value time evolution,i7-1185G7,32GB,221.776041ms
1,20,0.5,{4 100},{100 100 uuddddd [{Sz 0} {Sz 3}]}
0.000000,0.500000
1.000000,-0.171260
2.000000,-0.091316
3.000000,0.242130
4.000000,-0.457108
5.000000,0.088727
6.000000,0.268815
7.000000,-0.272039
8.000000,0.360688
9.000000,0.021974
10.000000,-0.393416
11.000000,0.272695
12.000000,-0.208819
13.000000,-0.123250
14.000000,0.475267
15.000000,-0.218011
16.000000,0.041209
17.000000,0.213715
18.000000,-0.487148
19.000000,0.138807
20.000000,0.144970
21.000000,-0.258933
22.000000,0.441005
23.000000,-0.035358
24.000000,-0.307496
25.000000,0.274869
26.000000,-0.321011
27.000000,-0.062253
28.000000,0.432512
29.000000,-0.249442
30.000000,0.160153
31.000000,0.160014
32.000000,-0.486408
33.000000,0.194512
34.000000,0.023735
35.000000,-0.235096
36.000000,0.476784
37.000000,-0.102380
38.000000,-0.196204
39.000000,0.278198
40.000000,-0.403717
41.000000,-0.006216
42.000000,0.345464
43.000000,-0.273788
44.000000,0.278466
45.000000,0.111633
46.000000,-0.451795
47.000000,0.228022
48.000000,-0.111013
49.000000,-0.197047
50.000000,0.494148
51.000000,-0.155454
52.000000,-0.077972
53.000000,0.252825
54.000000,-0.465528
55.000000,0.059945
56.000000,0.249737
57.000000,-0.281418
58.000000,0.365894
59.000000,0.043541
60.000000,-0.386537
61.000000,0.264466
62.000000,-0.226062
63.000000,-0.152055
64.000000,0.463492
65.000000,-0.210564
66.000000,0.052010
67.000000,0.229735
68.000000,-0.489331
69.000000,0.114680
70.000000,0.123536
71.000000,-0.277375
72.000000,0.440408
73.000000,-0.014544
74.000000,-0.296116
75.000000,0.274779
76.000000,-0.335567
77.000000,-0.093533
78.000000,0.416600
79.000000,-0.247547
80.000000,0.170373
81.000000,0.180110
82.000000,-0.484283
83.000000,0.176022
84.000000,0.004137
85.000000,-0.257198
86.000000,0.472387
87.000000,-0.085257
88.000000,-0.183680
89.000000,0.286375
90.000000,-0.410997
91.000000,-0.033844
92.000000,0.327568
93.000000,-0.279618
94.000000,0.285426
95.000000,0.135540
96.000000,-0.441977
97.000000,0.219144
98.000000,-0.127634
99.000000,-0.223214
