2023-01-18T15:43:21+01:00,Central spin expectation value time evolution,i7-1185G7,32GB,240.100831ms
1,20,0.5,{4 100},{100 100 uuddddd [{Sz 1} {Sz 4}]}
0.000000,0.500000
1.000000,-0.113130
2.000000,-0.363353
3.000000,0.213516
4.000000,0.321589
5.000000,0.138146
6.000000,-0.258227
7.000000,-0.176430
8.000000,0.446589
9.000000,0.023568
10.000000,-0.440549
11.000000,0.202678
12.000000,0.377104
13.000000,-0.013268
14.000000,-0.197872
15.000000,-0.118710
16.000000,0.394216
17.000000,0.185619
18.000000,-0.462488
19.000000,0.089463
20.000000,0.420054
21.000000,-0.117287
22.000000,-0.198363
23.000000,-0.000367
24.000000,0.333132
25.000000,0.237330
26.000000,-0.408076
27.000000,-0.035290
28.000000,0.461858
29.000000,-0.130812
30.000000,-0.287731
31.000000,0.135350
32.000000,0.323972
33.000000,0.219577
34.000000,-0.306885
35.000000,-0.164813
36.000000,0.463026
37.000000,-0.058309
38.000000,-0.390566
39.000000,0.214236
40.000000,0.329717
41.000000,0.106469
42.000000,-0.225958
43.000000,-0.186609
44.000000,0.449853
45.000000,0.089011
46.000000,-0.462427
47.000000,0.165785
48.000000,0.396389
49.000000,-0.015571
50.000000,-0.194124
51.000000,-0.114544
52.000000,0.363980
53.000000,0.226437
54.000000,-0.454438
55.000000,0.028263
56.000000,0.464605
57.000000,-0.110978
58.000000,-0.234695
59.000000,0.028637
60.000000,0.323221
61.000000,0.293333
62.000000,-0.377945
63.000000,-0.125555
64.000000,0.479728
65.000000,-0.083332
66.000000,-0.320063
67.000000,0.129384
68.000000,0.312013
69.000000,0.218612
70.000000,-0.264171
71.000000,-0.202589
72.000000,0.445303
73.000000,0.026304
74.000000,-0.415795
75.000000,0.175017
76.000000,0.365532
77.000000,0.097137
78.000000,-0.186884
79.000000,-0.204594
80.000000,0.391936
81.000000,0.163184
82.000000,-0.455561
83.000000,0.111556
84.000000,0.403053
85.000000,-0.032967
86.000000,-0.185063
87.000000,-0.091271
88.000000,0.349901
89.000000,0.262872
90.000000,-0.426449
91.000000,-0.026705
92.000000,0.474449
93.000000,-0.080747
94.000000,-0.263755
95.000000,0.040343
96.000000,0.300016
97.000000,0.293484
98.000000,-0.331984
99.000000,-0.179829
