2022-12-19T10:29:41+01:00,burst spectrum vs. mag. field,i7-1185G7,32GB,21.945164ms
1,1,3,0.5,100
99000.000000,13.465284
99000.000000,9.900000
99000.000000,13.465284
99000.000000,9.903752
99000.000000,13.555955
99000.000000,13.555955
99000.000000,9.903752
99000.000000,13.371220
99000.000000,13.465284
99000.000000,13.371220
99000.000000,13.465284
99000.000000,9.900000
99000.000000,9.900000
99000.000000,9.900000
99000.000000,9.900000
99000.000000,9.900000
19000.000000,9.322761
19000.000000,1.900000
19000.000000,9.322761
19000.000000,9.322761
19000.000000,9.322761
19000.000000,9.186377
19000.000000,9.453249
19000.000000,9.186377
19000.000000,9.453249
19000.000000,1.900000
19000.000000,1.919456
19000.000000,1.900000
19000.000000,1.919456
19000.000000,1.900000
19000.000000,1.900000
19000.000000,1.900000
20000.000000,9.343654
20000.000000,2.000000
20000.000000,9.343654
20000.000000,9.343654
20000.000000,9.343654
20000.000000,9.207579
20000.000000,9.473855
20000.000000,9.207579
20000.000000,9.473855
20000.000000,2.000000
20000.000000,2.018492
20000.000000,2.000000
20000.000000,2.018492
20000.000000,2.000000
20000.000000,2.000000
20000.000000,2.000000
4000.000000,9.135856
4000.000000,0.400000
4000.000000,9.135856
4000.000000,9.135856
4000.000000,9.135856
4000.000000,8.996639
4000.000000,9.268976
4000.000000,9.268976
4000.000000,8.996639
4000.000000,0.400000
4000.000000,0.484056
4000.000000,0.400000
4000.000000,0.484056
4000.000000,0.400000
4000.000000,0.400000
4000.000000,0.400000
22000.000000,9.388497
22000.000000,2.200000
22000.000000,9.388497
22000.000000,9.388497
22000.000000,9.388497
22000.000000,2.200000
22000.000000,9.253081
22000.000000,9.518084
22000.000000,9.518084
22000.000000,9.253081
22000.000000,2.200000
22000.000000,2.216824
22000.000000,2.216824
22000.000000,2.200000
22000.000000,2.200000
22000.000000,2.200000
34000.000000,9.739809
34000.000000,3.400000
34000.000000,9.739809
34000.000000,9.864782
34000.000000,3.410910
34000.000000,9.864782
34000.000000,3.410910
34000.000000,9.609345
34000.000000,9.739809
34000.000000,3.400000
34000.000000,9.609345
34000.000000,9.739809
34000.000000,3.400000
34000.000000,3.400000
34000.000000,3.400000
34000.000000,3.400000
41000.000000,10.005692
41000.000000,4.100000
41000.000000,10.005692
41000.000000,4.109052
41000.000000,4.109052
41000.000000,10.127385
41000.000000,10.127385
41000.000000,9.878741
41000.000000,10.005692
41000.000000,9.878741
41000.000000,10.005692
41000.000000,4.100000
41000.000000,4.100000
41000.000000,4.100000
41000.000000,4.100000
41000.000000,4.100000
48000.000000,10.312317
48000.000000,4.800000
48000.000000,10.312317
48000.000000,10.430433
48000.000000,4.807734
48000.000000,10.430433
48000.000000,4.807734
48000.000000,10.189186
48000.000000,10.312317
48000.000000,4.800000
48000.000000,10.189186
48000.000000,10.312317
48000.000000,4.800000
48000.000000,4.800000
48000.000000,4.800000
48000.000000,4.800000
8000.000000,9.162089
8000.000000,0.800000
8000.000000,9.162089
8000.000000,9.162089
8000.000000,9.162089
8000.000000,9.294833
8000.000000,9.023276
8000.000000,9.023276
8000.000000,9.294833
8000.000000,0.800000
8000.000000,0.845169
8000.000000,0.800000
8000.000000,0.845169
8000.000000,0.800000
8000.000000,0.800000
8000.000000,0.800000
32000.000000,9.671808
32000.000000,3.200000
32000.000000,9.671808
32000.000000,9.671808
32000.000000,9.671808
32000.000000,9.797649
32000.000000,9.540415
32000.000000,9.797649
32000.000000,9.540415
32000.000000,3.200000
32000.000000,3.211590
32000.000000,3.200000
32000.000000,3.211590
32000.000000,3.200000
32000.000000,3.200000
32000.000000,3.200000
14000.000000,9.233844
14000.000000,1.400000
14000.000000,9.233844
14000.000000,1.426292
14000.000000,1.426292
14000.000000,9.365571
14000.000000,9.365571
14000.000000,9.096126
14000.000000,9.233844
14000.000000,9.096126
14000.000000,9.233844
14000.000000,1.400000
14000.000000,1.400000
14000.000000,1.400000
14000.000000,1.400000
14000.000000,1.400000
13000.000000,9.219212
13000.000000,1.300000
13000.000000,9.219212
13000.000000,1.328273
13000.000000,9.351146
13000.000000,9.351146
13000.000000,1.328273
13000.000000,9.081273
13000.000000,9.219212
13000.000000,9.081273
13000.000000,9.219212
13000.000000,1.300000
13000.000000,1.300000
13000.000000,1.300000
13000.000000,1.300000
13000.000000,1.300000
6000.000000,9.146796
6000.000000,0.600000
6000.000000,9.146796
6000.000000,0.659022
6000.000000,0.659022
6000.000000,9.279759
6000.000000,9.279759
6000.000000,9.007747
6000.000000,9.146796
6000.000000,9.007747
6000.000000,9.146796
6000.000000,0.600000
6000.000000,0.600000
6000.000000,0.600000
6000.000000,0.600000
6000.000000,0.600000
91000.000000,12.888517
91000.000000,9.100000
91000.000000,12.888517
91000.000000,9.104082
91000.000000,12.983217
91000.000000,12.983217
91000.000000,9.104082
91000.000000,12.790212
91000.000000,12.888517
91000.000000,12.790212
91000.000000,12.888517
91000.000000,9.100000
91000.000000,9.100000
91000.000000,9.100000
91000.000000,9.100000
91000.000000,9.100000
16000.000000,9.266276
16000.000000,1.600000
16000.000000,9.266276
16000.000000,9.266276
16000.000000,9.266276
16000.000000,9.129048
16000.000000,9.397549
16000.000000,9.129048
16000.000000,9.397549
16000.000000,1.600000
16000.000000,1.623056
16000.000000,1.600000
16000.000000,1.623056
16000.000000,1.600000
16000.000000,1.600000
16000.000000,1.600000
77000.000000,11.941268
77000.000000,7.700000
77000.000000,11.941268
77000.000000,11.941268
77000.000000,11.941268
77000.000000,12.043418
77000.000000,11.835097
77000.000000,12.043418
77000.000000,11.835097
77000.000000,7.700000
77000.000000,7.704824
77000.000000,7.700000
77000.000000,7.704824
77000.000000,7.700000
77000.000000,7.700000
77000.000000,7.700000
10000.000000,9.181714
10000.000000,1.000000
10000.000000,9.181714
10000.000000,9.181714
10000.000000,9.181714
10000.000000,9.043203
10000.000000,9.314179
10000.000000,9.314179
10000.000000,9.043203
10000.000000,1.000000
10000.000000,1.036489
10000.000000,1.000000
10000.000000,1.036489
10000.000000,1.000000
10000.000000,1.000000
10000.000000,1.000000
83000.000000,12.336688
83000.000000,8.300000
83000.000000,12.336688
83000.000000,12.336688
83000.000000,12.435591
83000.000000,12.233949
83000.000000,8.300000
83000.000000,8.304475
83000.000000,12.336688
83000.000000,12.233949
83000.000000,12.435591
83000.000000,8.300000
83000.000000,8.304475
83000.000000,8.300000
83000.000000,8.300000
83000.000000,8.300000
23000.000000,9.412432
23000.000000,2.300000
23000.000000,9.412432
23000.000000,2.316098
23000.000000,9.541694
23000.000000,9.541694
23000.000000,2.316098
23000.000000,9.277366
23000.000000,9.412432
23000.000000,9.277366
23000.000000,9.412432
23000.000000,2.300000
23000.000000,2.300000
23000.000000,2.300000
23000.000000,2.300000
23000.000000,2.300000
63000.000000,11.090260
63000.000000,6.300000
63000.000000,11.090260
63000.000000,11.090260
63000.000000,11.090260
63000.000000,11.200175
63000.000000,10.975861
63000.000000,11.200175
63000.000000,10.975861
63000.000000,6.300000
63000.000000,6.305895
63000.000000,6.300000
63000.000000,6.305895
63000.000000,6.300000
63000.000000,6.300000
63000.000000,6.300000
5000.000000,9.140781
5000.000000,0.500000
5000.000000,9.140781
5000.000000,9.140781
5000.000000,9.140781
5000.000000,9.273830
5000.000000,9.001640
5000.000000,9.001640
5000.000000,9.273830
5000.000000,0.500000
5000.000000,0.569482
5000.000000,0.500000
5000.000000,0.569482
5000.000000,0.500000
5000.000000,0.500000
5000.000000,0.500000
39000.000000,9.925416
39000.000000,3.900000
39000.000000,9.925416
39000.000000,3.909515
39000.000000,10.048081
39000.000000,3.909515
39000.000000,10.048081
39000.000000,9.797424
39000.000000,9.925416
39000.000000,9.797424
39000.000000,9.925416
39000.000000,3.900000
39000.000000,3.900000
39000.000000,3.900000
39000.000000,3.900000
39000.000000,3.900000
17000.000000,9.284066
17000.000000,1.700000
17000.000000,9.284066
17000.000000,1.721717
17000.000000,9.415090
17000.000000,1.721717
17000.000000,9.415090
17000.000000,9.147104
17000.000000,9.284066
17000.000000,1.700000
17000.000000,9.147104
17000.000000,9.284066
17000.000000,1.700000
17000.000000,1.700000
17000.000000,1.700000
17000.000000,1.700000
11000.000000,9.193143
11000.000000,1.100000
11000.000000,9.193143
11000.000000,9.193143
11000.000000,9.193143
11000.000000,9.054806
11000.000000,9.325445
11000.000000,9.325445
11000.000000,9.054806
11000.000000,1.100000
11000.000000,1.133274
11000.000000,1.100000
11000.000000,1.133274
11000.000000,1.100000
11000.000000,1.100000
11000.000000,1.100000
49000.000000,10.359241
49000.000000,4.900000
49000.000000,10.359241
49000.000000,4.900000
49000.000000,10.359241
49000.000000,10.359241
49000.000000,10.476828
49000.000000,10.236675
49000.000000,10.476828
49000.000000,10.236675
49000.000000,4.900000
49000.000000,4.907577
49000.000000,4.907577
49000.000000,4.900000
49000.000000,4.900000
49000.000000,4.900000
24000.000000,9.437366
24000.000000,2.400000
24000.000000,9.437366
24000.000000,2.415432
24000.000000,2.415432
24000.000000,9.566291
24000.000000,9.566291
24000.000000,9.302662
24000.000000,9.437366
24000.000000,2.400000
24000.000000,9.437366
24000.000000,9.302662
24000.000000,2.400000
24000.000000,2.400000
24000.000000,2.400000
24000.000000,2.400000
12000.000000,9.205644
12000.000000,1.200000
12000.000000,9.205644
12000.000000,1.230573
12000.000000,1.230573
12000.000000,9.337769
12000.000000,9.337769
12000.000000,9.067498
12000.000000,9.205644
12000.000000,9.067498
12000.000000,9.205644
12000.000000,1.200000
12000.000000,1.200000
12000.000000,1.200000
12000.000000,1.200000
12000.000000,1.200000
46000.000000,10.220757
46000.000000,4.600000
46000.000000,10.220757
46000.000000,4.608070
46000.000000,4.608070
46000.000000,10.339919
46000.000000,10.339919
46000.000000,10.096510
46000.000000,10.220757
46000.000000,10.096510
46000.000000,10.220757
46000.000000,4.600000
46000.000000,4.600000
46000.000000,4.600000
46000.000000,4.600000
46000.000000,4.600000
25000.000000,9.463291
25000.000000,2.500000
25000.000000,9.463291
25000.000000,2.514818
25000.000000,2.514818
25000.000000,9.591868
25000.000000,9.591868
25000.000000,9.328961
25000.000000,9.463291
25000.000000,9.328961
25000.000000,9.463291
25000.000000,2.500000
25000.000000,2.500000
25000.000000,2.500000
25000.000000,2.500000
25000.000000,2.500000
50000.000000,10.406915
50000.000000,5.000000
50000.000000,10.406915
50000.000000,10.523969
50000.000000,5.007426
50000.000000,10.523969
50000.000000,5.007426
50000.000000,10.284917
50000.000000,10.406915
50000.000000,5.000000
50000.000000,10.284917
50000.000000,10.406915
50000.000000,5.000000
50000.000000,5.000000
50000.000000,5.000000
50000.000000,5.000000
26000.000000,9.490199
26000.000000,2.600000
26000.000000,9.490199
26000.000000,2.614251
26000.000000,9.618416
26000.000000,2.614251
26000.000000,9.618416
26000.000000,9.356255
26000.000000,9.490199
26000.000000,9.356255
26000.000000,9.490199
26000.000000,2.600000
26000.000000,2.600000
26000.000000,2.600000
26000.000000,2.600000
26000.000000,2.600000
51000.000000,10.455328
51000.000000,5.100000
51000.000000,10.455328
51000.000000,10.455328
51000.000000,10.455328
51000.000000,10.571846
51000.000000,10.333901
51000.000000,10.571846
51000.000000,10.333901
51000.000000,5.100000
51000.000000,5.107280
51000.000000,5.100000
51000.000000,5.107280
51000.000000,5.100000
51000.000000,5.100000
51000.000000,5.100000
7000.000000,9.153899
7000.000000,0.700000
7000.000000,9.153899
7000.000000,0.751206
7000.000000,0.751206
7000.000000,9.286761
7000.000000,9.286761
7000.000000,9.014961
7000.000000,9.153899
7000.000000,9.014961
7000.000000,9.153899
7000.000000,0.700000
7000.000000,0.700000
7000.000000,0.700000
7000.000000,0.700000
7000.000000,0.700000
27000.000000,9.518081
27000.000000,2.700000
27000.000000,9.518081
27000.000000,9.518081
27000.000000,9.518081
27000.000000,9.645928
27000.000000,9.384536
27000.000000,9.645928
27000.000000,9.384536
27000.000000,2.700000
27000.000000,2.713726
27000.000000,2.700000
27000.000000,2.713726
27000.000000,2.700000
27000.000000,2.700000
27000.000000,2.700000
52000.000000,10.504469
52000.000000,5.200000
52000.000000,10.504469
52000.000000,10.620448
52000.000000,5.207140
52000.000000,10.620448
52000.000000,5.207140
52000.000000,10.383618
52000.000000,10.504469
52000.000000,10.383618
52000.000000,10.504469
52000.000000,5.200000
52000.000000,5.200000
52000.000000,5.200000
52000.000000,5.200000
52000.000000,5.200000
28000.000000,9.546930
28000.000000,2.800000
28000.000000,9.546930
28000.000000,2.813238
28000.000000,9.674395
28000.000000,2.813238
28000.000000,9.674395
28000.000000,9.413794
28000.000000,9.546930
28000.000000,9.413794
28000.000000,9.546930
28000.000000,2.800000
28000.000000,2.800000
28000.000000,2.800000
28000.000000,2.800000
28000.000000,2.800000
47000.000000,10.266152
47000.000000,4.700000
47000.000000,10.266152
47000.000000,10.266152
47000.000000,10.266152
47000.000000,10.384793
47000.000000,10.142461
47000.000000,10.384793
47000.000000,10.142461
47000.000000,4.700000
47000.000000,4.707899
47000.000000,4.707899
47000.000000,4.700000
47000.000000,4.700000
47000.000000,4.700000
47000.000000,4.700000
53000.000000,10.554330
53000.000000,5.300000
53000.000000,10.554330
53000.000000,10.554330
53000.000000,10.554330
53000.000000,10.669767
53000.000000,10.434055
53000.000000,10.669767
53000.000000,10.434055
53000.000000,5.300000
53000.000000,5.307006
53000.000000,5.300000
53000.000000,5.307006
53000.000000,5.300000
53000.000000,5.300000
53000.000000,5.300000
29000.000000,9.576736
29000.000000,2.900000
29000.000000,9.576736
29000.000000,2.912784
29000.000000,9.703810
29000.000000,2.912784
29000.000000,9.703810
29000.000000,9.444020
29000.000000,9.576736
29000.000000,9.444020
29000.000000,9.576736
29000.000000,2.900000
29000.000000,2.900000
29000.000000,2.900000
29000.000000,2.900000
29000.000000,2.900000
54000.000000,10.604899
54000.000000,5.400000
54000.000000,10.604899
54000.000000,10.604899
54000.000000,10.604899
54000.000000,10.719791
54000.000000,10.485205
54000.000000,10.719791
54000.000000,10.485205
54000.000000,5.400000
54000.000000,5.406876
54000.000000,5.400000
54000.000000,5.406876
54000.000000,5.400000
54000.000000,5.400000
54000.000000,5.400000
30000.000000,9.607491
30000.000000,3.000000
30000.000000,9.607491
30000.000000,3.012360
30000.000000,3.012360
30000.000000,9.734163
30000.000000,9.734163
30000.000000,9.475205
30000.000000,9.607491
30000.000000,9.475205
30000.000000,9.607491
30000.000000,3.000000
30000.000000,3.000000
30000.000000,3.000000
30000.000000,3.000000
30000.000000,3.000000
55000.000000,10.656166
55000.000000,5.500000
55000.000000,10.656166
55000.000000,10.656166
55000.000000,10.656166
55000.000000,10.770512
55000.000000,10.537054
55000.000000,10.770512
55000.000000,10.537054
55000.000000,5.500000
55000.000000,5.506751
55000.000000,5.500000
55000.000000,5.506751
55000.000000,5.500000
55000.000000,5.500000
55000.000000,5.500000
31000.000000,9.639184
31000.000000,3.100000
31000.000000,9.639184
31000.000000,3.100000
31000.000000,9.639184
31000.000000,9.639184
31000.000000,9.765445
31000.000000,9.507340
31000.000000,9.765445
31000.000000,9.507340
31000.000000,3.100000
31000.000000,3.111962
31000.000000,3.111962
31000.000000,3.100000
31000.000000,3.100000
31000.000000,3.100000
56000.000000,10.708122
56000.000000,5.600000
56000.000000,10.708122
56000.000000,10.821919
56000.000000,5.606631
56000.000000,10.821919
56000.000000,5.606631
56000.000000,10.589595
56000.000000,10.708122
56000.000000,10.589595
56000.000000,10.708122
56000.000000,5.600000
56000.000000,5.600000
56000.000000,5.600000
56000.000000,5.600000
56000.000000,5.600000
33000.000000,9.705353
33000.000000,3.300000
33000.000000,9.705353
33000.000000,9.830764
33000.000000,3.311240
33000.000000,9.830764
33000.000000,3.311240
33000.000000,9.574420
33000.000000,9.705353
33000.000000,9.574420
33000.000000,9.705353
33000.000000,3.300000
33000.000000,3.300000
33000.000000,3.300000
33000.000000,3.300000
33000.000000,3.300000
57000.000000,10.760756
57000.000000,5.700000
57000.000000,10.760756
57000.000000,10.760756
57000.000000,10.760756
57000.000000,10.874002
57000.000000,10.642815
57000.000000,10.874002
57000.000000,10.642815
57000.000000,5.700000
57000.000000,5.706515
57000.000000,5.700000
57000.000000,5.706515
57000.000000,5.700000
57000.000000,5.700000
57000.000000,5.700000
15000.000000,9.249534
15000.000000,1.500000
15000.000000,9.249534
15000.000000,1.524569
15000.000000,1.524569
15000.000000,9.381041
15000.000000,9.381041
15000.000000,9.112053
15000.000000,9.249534
15000.000000,9.112053
15000.000000,9.249534
15000.000000,1.500000
15000.000000,1.500000
15000.000000,1.500000
15000.000000,1.500000
15000.000000,1.500000
9000.000000,9.171362
9000.000000,0.900000
9000.000000,9.171362
9000.000000,9.171362
9000.000000,9.171362
9000.000000,9.303974
9000.000000,9.032691
9000.000000,9.032691
9000.000000,9.303974
9000.000000,0.900000
9000.000000,0.940378
9000.000000,0.900000
9000.000000,0.940378
9000.000000,0.900000
9000.000000,0.900000
9000.000000,0.900000
3000.000000,9.132025
3000.000000,0.300000
3000.000000,9.132025
3000.000000,9.265200
3000.000000,0.405352
3000.000000,0.405352
3000.000000,9.265200
3000.000000,8.992748
3000.000000,9.132025
3000.000000,8.992748
3000.000000,9.132025
3000.000000,0.300000
3000.000000,0.300000
3000.000000,0.300000
3000.000000,0.300000
3000.000000,0.300000
58000.000000,10.814059
58000.000000,5.800000
58000.000000,10.814059
58000.000000,10.926753
58000.000000,5.806403
58000.000000,10.926753
58000.000000,5.806403
58000.000000,10.696706
58000.000000,10.814059
58000.000000,10.696706
58000.000000,10.814059
58000.000000,5.800000
58000.000000,5.800000
58000.000000,5.800000
58000.000000,5.800000
58000.000000,5.800000
18000.000000,9.302896
18000.000000,1.800000
18000.000000,9.302896
18000.000000,9.302896
18000.000000,9.302896
18000.000000,9.166216
18000.000000,9.433659
18000.000000,9.166216
18000.000000,9.433659
18000.000000,1.800000
18000.000000,1.820525
18000.000000,1.800000
18000.000000,1.820525
18000.000000,1.800000
18000.000000,1.800000
18000.000000,1.800000
59000.000000,10.868021
59000.000000,5.900000
59000.000000,10.868021
59000.000000,5.900000
59000.000000,10.868021
59000.000000,10.868021
59000.000000,10.980160
59000.000000,10.751256
59000.000000,10.751256
59000.000000,10.980160
59000.000000,5.900000
59000.000000,5.906294
59000.000000,5.906294
59000.000000,5.900000
59000.000000,5.900000
59000.000000,5.900000
2000.000000,9.129287
2000.000000,0.200000
2000.000000,9.129287
2000.000000,9.129287
2000.000000,9.129287
2000.000000,9.262501
2000.000000,8.989967
2000.000000,9.262501
2000.000000,8.989967
2000.000000,0.338098
2000.000000,0.200000
2000.000000,0.200000
2000.000000,0.338098
2000.000000,0.200000
2000.000000,0.200000
2000.000000,0.200000
0.000000,9.127096
0.000000,0.000000
0.000000,9.127096
0.000000,0.272599
0.000000,0.272599
0.000000,9.260341
0.000000,9.260341
0.000000,8.987742
0.000000,9.127096
0.000000,8.987742
0.000000,9.127096
0.000000,0.000000
0.000000,0.000000
0.000000,0.000000
0.000000,0.000000
0.000000,0.000000
1000.000000,9.127643
1000.000000,0.100000
1000.000000,9.127643
1000.000000,9.127643
1000.000000,9.127643
1000.000000,9.260881
1000.000000,8.988299
1000.000000,9.260881
1000.000000,8.988299
1000.000000,0.100000
1000.000000,0.290362
1000.000000,0.290362
1000.000000,0.100000
1000.000000,0.100000
1000.000000,0.100000
1000.000000,0.100000
60000.000000,10.922631
60000.000000,6.000000
60000.000000,10.922631
60000.000000,11.034216
60000.000000,6.006189
60000.000000,11.034216
60000.000000,6.006189
60000.000000,10.806457
60000.000000,10.922631
60000.000000,10.806457
60000.000000,10.922631
60000.000000,6.000000
60000.000000,6.000000
60000.000000,6.000000
60000.000000,6.000000
60000.000000,6.000000
40000.000000,9.965133
40000.000000,4.000000
40000.000000,9.965133
40000.000000,9.965133
40000.000000,9.965133
40000.000000,10.087315
40000.000000,9.837658
40000.000000,10.087315
40000.000000,9.837658
40000.000000,4.000000
40000.000000,4.009278
40000.000000,4.000000
40000.000000,4.009278
40000.000000,4.000000
40000.000000,4.000000
40000.000000,4.000000
79000.000000,12.071200
79000.000000,7.900000
79000.000000,12.071200
79000.000000,12.071200
79000.000000,12.172260
79000.000000,11.966182
79000.000000,7.900000
79000.000000,7.904702
79000.000000,12.071200
79000.000000,12.172260
79000.000000,11.966182
79000.000000,7.900000
79000.000000,7.904702
79000.000000,7.900000
79000.000000,7.900000
79000.000000,7.900000
35000.000000,9.775166
35000.000000,3.500000
35000.000000,9.775166
35000.000000,9.775166
35000.000000,9.775166
35000.000000,9.899693
35000.000000,9.645181
35000.000000,9.899693
35000.000000,9.645181
35000.000000,3.500000
35000.000000,3.510600
35000.000000,3.500000
35000.000000,3.510600
35000.000000,3.500000
35000.000000,3.500000
35000.000000,3.500000
80000.000000,12.136881
80000.000000,8.000000
80000.000000,12.136881
80000.000000,12.136881
80000.000000,12.136881
80000.000000,12.237399
80000.000000,12.032436
80000.000000,12.237399
80000.000000,12.032436
80000.000000,8.000000
80000.000000,8.004643
80000.000000,8.000000
80000.000000,8.004643
80000.000000,8.000000
80000.000000,8.000000
80000.000000,8.000000
61000.000000,10.977881
61000.000000,6.100000
61000.000000,10.977881
61000.000000,11.088910
61000.000000,6.106088
61000.000000,11.088910
61000.000000,6.106088
61000.000000,10.862298
61000.000000,10.977881
61000.000000,10.862298
61000.000000,10.977881
61000.000000,6.100000
61000.000000,6.100000
61000.000000,6.100000
61000.000000,6.100000
61000.000000,6.100000
81000.000000,12.203027
81000.000000,8.100000
81000.000000,12.203027
81000.000000,12.203027
81000.000000,12.203027
81000.000000,12.303005
81000.000000,12.099153
81000.000000,8.100000
81000.000000,8.104586
81000.000000,12.099153
81000.000000,12.303005
81000.000000,8.100000
81000.000000,8.104586
81000.000000,8.100000
81000.000000,8.100000
81000.000000,8.100000
43000.000000,10.089295
43000.000000,4.300000
43000.000000,10.089295
43000.000000,4.308632
43000.000000,4.308632
43000.000000,10.209991
43000.000000,10.209991
43000.000000,9.963409
43000.000000,10.089295
43000.000000,9.963409
43000.000000,10.089295
43000.000000,4.300000
43000.000000,4.300000
43000.000000,4.300000
43000.000000,4.300000
43000.000000,4.300000
36000.000000,9.811415
36000.000000,3.600000
36000.000000,9.811415
36000.000000,9.811415
36000.000000,9.811415
36000.000000,9.935488
36000.000000,9.681917
36000.000000,9.935488
36000.000000,9.681917
36000.000000,3.600000
36000.000000,3.610306
36000.000000,3.600000
36000.000000,3.610306
36000.000000,3.600000
36000.000000,3.600000
36000.000000,3.600000
62000.000000,11.033761
62000.000000,6.200000
62000.000000,11.033761
62000.000000,6.200000
62000.000000,11.033761
62000.000000,11.033761
62000.000000,11.144233
62000.000000,10.918769
62000.000000,10.918769
62000.000000,11.144233
62000.000000,6.200000
62000.000000,6.205990
62000.000000,6.205990
62000.000000,6.200000
62000.000000,6.200000
62000.000000,6.200000
82000.000000,12.269632
82000.000000,8.200000
82000.000000,12.269632
82000.000000,8.204530
82000.000000,12.369071
82000.000000,12.369071
82000.000000,8.204530
82000.000000,12.166327
82000.000000,12.269632
82000.000000,12.166327
82000.000000,12.269632
82000.000000,8.200000
82000.000000,8.200000
82000.000000,8.200000
82000.000000,8.200000
82000.000000,8.200000
37000.000000,9.848547
37000.000000,3.700000
37000.000000,9.848547
37000.000000,3.710028
37000.000000,9.972157
37000.000000,3.710028
37000.000000,9.972157
37000.000000,9.719543
37000.000000,9.848547
37000.000000,9.719543
37000.000000,9.848547
37000.000000,3.700000
37000.000000,3.700000
37000.000000,3.700000
37000.000000,3.700000
37000.000000,3.700000
42000.000000,10.047083
42000.000000,4.200000
42000.000000,10.047083
42000.000000,10.047083
42000.000000,4.200000
42000.000000,10.047083
42000.000000,10.168280
42000.000000,9.920661
42000.000000,10.168280
42000.000000,9.920661
42000.000000,4.200000
42000.000000,4.208837
42000.000000,4.208837
42000.000000,4.200000
42000.000000,4.200000
42000.000000,4.200000
38000.000000,9.886550
38000.000000,3.800000
38000.000000,9.886550
38000.000000,9.886550
38000.000000,9.886550
38000.000000,10.009691
38000.000000,9.758049
38000.000000,10.009691
38000.000000,9.758049
38000.000000,3.800000
38000.000000,3.809765
38000.000000,3.800000
38000.000000,3.809765
38000.000000,3.800000
38000.000000,3.800000
38000.000000,3.800000
44000.000000,10.132318
44000.000000,4.400000
44000.000000,10.132318
44000.000000,10.132318
44000.000000,4.400000
44000.000000,10.132318
44000.000000,10.252508
44000.000000,10.006973
44000.000000,10.252508
44000.000000,10.006973
44000.000000,4.400000
44000.000000,4.408436
44000.000000,4.408436
44000.000000,4.400000
44000.000000,4.400000
44000.000000,4.400000
84000.000000,12.404188
84000.000000,8.400000
84000.000000,12.404188
84000.000000,8.400000
84000.000000,12.404188
84000.000000,12.404188
84000.000000,12.502557
84000.000000,12.302013
84000.000000,12.302013
84000.000000,12.502557
84000.000000,8.400000
84000.000000,8.404422
84000.000000,8.404422
84000.000000,8.400000
84000.000000,8.400000
84000.000000,8.400000
45000.000000,10.176142
45000.000000,4.500000
45000.000000,10.176142
45000.000000,10.176142
45000.000000,10.176142
45000.000000,10.295821
45000.000000,10.051344
45000.000000,10.295821
45000.000000,10.051344
45000.000000,4.500000
45000.000000,4.508249
45000.000000,4.500000
45000.000000,4.508249
45000.000000,4.500000
45000.000000,4.500000
45000.000000,4.500000
64000.000000,11.147371
64000.000000,6.400000
64000.000000,11.147371
64000.000000,11.147371
64000.000000,11.147371
64000.000000,11.256728
64000.000000,11.033563
64000.000000,11.256728
64000.000000,11.033563
64000.000000,6.400000
64000.000000,6.405803
64000.000000,6.400000
64000.000000,6.405803
64000.000000,6.400000
64000.000000,6.400000
64000.000000,6.400000
85000.000000,12.472124
85000.000000,8.500000
85000.000000,12.472124
85000.000000,12.472124
85000.000000,12.569961
85000.000000,12.370510
85000.000000,8.500000
85000.000000,8.504370
85000.000000,12.472124
85000.000000,12.370510
85000.000000,12.569961
85000.000000,8.500000
85000.000000,8.504370
85000.000000,8.500000
85000.000000,8.500000
85000.000000,8.500000
71000.000000,11.563472
71000.000000,7.100000
71000.000000,11.563472
71000.000000,11.668930
71000.000000,7.105231
71000.000000,11.668930
71000.000000,7.105231
71000.000000,7.100000
71000.000000,11.453799
71000.000000,11.563472
71000.000000,11.453799
71000.000000,11.563472
71000.000000,7.100000
71000.000000,7.100000
71000.000000,7.100000
71000.000000,7.100000
75000.000000,11.813292
75000.000000,7.500000
75000.000000,11.813292
75000.000000,11.813292
75000.000000,11.813292
75000.000000,11.916540
75000.000000,11.705961
75000.000000,11.916540
75000.000000,11.705961
75000.000000,7.500000
75000.000000,7.504952
75000.000000,7.500000
75000.000000,7.504952
75000.000000,7.500000
75000.000000,7.500000
75000.000000,7.500000
76000.000000,11.877031
76000.000000,7.600000
76000.000000,11.877031
76000.000000,11.877031
76000.000000,11.877031
76000.000000,11.979730
76000.000000,11.770281
76000.000000,11.979730
76000.000000,11.770281
76000.000000,7.600000
76000.000000,7.604887
76000.000000,7.600000
76000.000000,7.604887
76000.000000,7.600000
76000.000000,7.600000
76000.000000,7.600000
86000.000000,12.540489
86000.000000,8.600000
86000.000000,12.540489
86000.000000,8.604319
86000.000000,12.637797
86000.000000,12.637797
86000.000000,8.604319
86000.000000,12.439434
86000.000000,12.540489
86000.000000,12.439434
86000.000000,12.540489
86000.000000,8.600000
86000.000000,8.600000
86000.000000,8.600000
86000.000000,8.600000
86000.000000,8.600000
65000.000000,11.205083
65000.000000,6.500000
65000.000000,11.205083
65000.000000,11.205083
65000.000000,11.205083
65000.000000,11.313882
65000.000000,11.091867
65000.000000,11.313882
65000.000000,11.091867
65000.000000,6.500000
65000.000000,6.505714
65000.000000,6.500000
65000.000000,6.505714
65000.000000,6.500000
65000.000000,6.500000
65000.000000,6.500000
87000.000000,12.609277
87000.000000,8.700000
87000.000000,12.609277
87000.000000,8.704270
87000.000000,12.706059
87000.000000,12.706059
87000.000000,8.704270
87000.000000,12.508777
87000.000000,12.609277
87000.000000,12.609277
87000.000000,12.508777
87000.000000,8.700000
87000.000000,8.700000
87000.000000,8.700000
87000.000000,8.700000
87000.000000,8.700000
72000.000000,11.625140
72000.000000,7.200000
72000.000000,11.625140
72000.000000,11.625140
72000.000000,11.625140
72000.000000,11.730044
72000.000000,11.516055
72000.000000,11.730044
72000.000000,11.516055
72000.000000,7.200000
72000.000000,7.205159
72000.000000,7.200000
72000.000000,7.205159
72000.000000,7.200000
72000.000000,7.200000
72000.000000,7.200000
66000.000000,11.263386
66000.000000,6.600000
66000.000000,11.263386
66000.000000,11.371628
66000.000000,6.605627
66000.000000,11.371628
66000.000000,6.605627
66000.000000,6.600000
66000.000000,11.150763
66000.000000,11.263386
66000.000000,11.150763
66000.000000,11.263386
66000.000000,6.600000
66000.000000,6.600000
66000.000000,6.600000
66000.000000,6.600000
88000.000000,12.678481
88000.000000,8.800000
88000.000000,12.678481
88000.000000,8.800000
88000.000000,12.678481
88000.000000,12.678481
88000.000000,12.774738
88000.000000,12.578534
88000.000000,12.774738
88000.000000,12.578534
88000.000000,8.800000
88000.000000,8.804221
88000.000000,8.804221
88000.000000,8.800000
88000.000000,8.800000
88000.000000,8.800000
73000.000000,11.687338
73000.000000,7.300000
73000.000000,11.687338
73000.000000,11.687338
73000.000000,11.687338
73000.000000,11.791689
73000.000000,11.578839
73000.000000,11.791689
73000.000000,11.578839
73000.000000,7.300000
73000.000000,7.305088
73000.000000,7.300000
73000.000000,7.305088
73000.000000,7.300000
73000.000000,7.300000
73000.000000,7.300000
67000.000000,11.322273
67000.000000,6.700000
67000.000000,11.322273
67000.000000,11.322273
67000.000000,11.322273
67000.000000,11.429957
67000.000000,11.210241
67000.000000,11.429957
67000.000000,11.210241
67000.000000,6.700000
67000.000000,6.705543
67000.000000,6.700000
67000.000000,6.705543
67000.000000,6.700000
67000.000000,6.700000
67000.000000,6.700000
94000.000000,13.102056
94000.000000,9.400000
94000.000000,13.102056
94000.000000,13.102056
94000.000000,13.102056
94000.000000,13.195224
94000.000000,13.005365
94000.000000,9.400000
94000.000000,9.403952
94000.000000,13.195224
94000.000000,13.005365
94000.000000,9.400000
94000.000000,9.403952
94000.000000,9.400000
94000.000000,9.400000
94000.000000,9.400000
93000.000000,13.030498
93000.000000,9.300000
93000.000000,13.030498
93000.000000,9.300000
93000.000000,13.030498
93000.000000,13.030498
93000.000000,13.124173
93000.000000,12.933272
93000.000000,13.124173
93000.000000,12.933272
93000.000000,9.300000
93000.000000,9.303994
93000.000000,9.303994
93000.000000,9.300000
93000.000000,9.300000
93000.000000,9.300000
68000.000000,11.381734
68000.000000,6.800000
68000.000000,11.381734
68000.000000,11.488861
68000.000000,6.805462
68000.000000,11.488861
68000.000000,6.805462
68000.000000,11.270293
68000.000000,11.381734
68000.000000,11.270293
68000.000000,11.381734
68000.000000,6.800000
68000.000000,6.800000
68000.000000,6.800000
68000.000000,6.800000
68000.000000,6.800000
78000.000000,12.005993
78000.000000,7.800000
78000.000000,12.005993
78000.000000,7.804762
78000.000000,12.107598
78000.000000,12.107598
78000.000000,7.804762
78000.000000,11.900400
78000.000000,12.005993
78000.000000,11.900400
78000.000000,12.005993
78000.000000,7.800000
78000.000000,7.800000
78000.000000,7.800000
78000.000000,7.800000
78000.000000,7.800000
74000.000000,11.750058
74000.000000,7.400000
74000.000000,11.750058
74000.000000,11.853857
74000.000000,7.405019
74000.000000,11.853857
74000.000000,7.405019
74000.000000,11.642144
74000.000000,11.750058
74000.000000,11.642144
74000.000000,11.750058
74000.000000,7.400000
74000.000000,7.400000
74000.000000,7.400000
74000.000000,7.400000
74000.000000,7.400000
95000.000000,13.173985
95000.000000,9.500000
95000.000000,13.173985
95000.000000,9.503910
95000.000000,13.266647
95000.000000,13.266647
95000.000000,9.503910
95000.000000,13.077825
95000.000000,13.173985
95000.000000,13.077825
95000.000000,13.173985
95000.000000,9.500000
95000.000000,9.500000
95000.000000,9.500000
95000.000000,9.500000
95000.000000,9.500000
89000.000000,12.748093
89000.000000,8.900000
89000.000000,12.748093
89000.000000,12.748093
89000.000000,12.843828
89000.000000,12.648696
89000.000000,8.900000
89000.000000,8.904174
89000.000000,12.748093
89000.000000,12.648696
89000.000000,12.843828
89000.000000,8.900000
89000.000000,8.904174
89000.000000,8.900000
89000.000000,8.900000
89000.000000,8.900000
69000.000000,11.441760
69000.000000,6.900000
69000.000000,11.441760
69000.000000,11.548330
69000.000000,6.905383
69000.000000,11.548330
69000.000000,6.905383
69000.000000,11.330910
69000.000000,11.441760
69000.000000,11.330910
69000.000000,11.441760
69000.000000,6.900000
69000.000000,6.900000
69000.000000,6.900000
69000.000000,6.900000
69000.000000,6.900000
96000.000000,13.246278
96000.000000,9.600000
96000.000000,13.246278
96000.000000,9.603870
96000.000000,13.338438
96000.000000,13.338438
96000.000000,9.603870
96000.000000,13.150647
96000.000000,13.246278
96000.000000,13.150647
96000.000000,13.246278
96000.000000,9.600000
96000.000000,9.600000
96000.000000,9.600000
96000.000000,9.600000
96000.000000,9.600000
98000.000000,13.391933
98000.000000,9.800000
98000.000000,13.391933
98000.000000,9.800000
98000.000000,13.391933
98000.000000,13.391933
98000.000000,13.483098
98000.000000,13.297350
98000.000000,9.800000
98000.000000,9.803791
98000.000000,13.483098
98000.000000,13.297350
98000.000000,9.803791
98000.000000,9.800000
98000.000000,9.800000
98000.000000,9.800000
97000.000000,13.318929
97000.000000,9.700000
97000.000000,13.318929
97000.000000,9.703830
97000.000000,13.410590
97000.000000,13.410590
97000.000000,9.703830
97000.000000,13.223824
97000.000000,13.318929
97000.000000,13.223824
97000.000000,13.318929
97000.000000,9.700000
97000.000000,9.700000
97000.000000,9.700000
97000.000000,9.700000
97000.000000,9.700000
90000.000000,12.818107
90000.000000,9.000000
90000.000000,12.818107
90000.000000,12.818107
90000.000000,12.913323
90000.000000,12.719258
90000.000000,9.000000
90000.000000,9.004127
90000.000000,12.818107
90000.000000,12.719258
90000.000000,12.913323
90000.000000,9.000000
90000.000000,9.004127
90000.000000,9.000000
90000.000000,9.000000
90000.000000,9.000000
70000.000000,11.502342
70000.000000,7.000000
70000.000000,11.502342
70000.000000,11.502342
70000.000000,11.502342
70000.000000,11.608356
70000.000000,11.392081
70000.000000,11.608356
70000.000000,11.392081
70000.000000,7.000000
70000.000000,7.005306
70000.000000,7.000000
70000.000000,7.005306
70000.000000,7.000000
70000.000000,7.000000
70000.000000,7.000000
92000.000000,12.959316
92000.000000,9.200000
92000.000000,12.959316
92000.000000,9.204038
92000.000000,13.053502
92000.000000,13.053502
92000.000000,9.204038
92000.000000,12.861552
92000.000000,12.959316
92000.000000,12.959316
92000.000000,12.861552
92000.000000,9.200000
92000.000000,9.200000
92000.000000,9.200000
92000.000000,9.200000
92000.000000,9.200000
21000.000000,9.365569
21000.000000,2.100000
21000.000000,9.365569
21000.000000,9.365569
21000.000000,9.365569
21000.000000,2.100000
21000.000000,9.229817
21000.000000,9.495469
21000.000000,9.495469
21000.000000,9.229817
21000.000000,2.100000
21000.000000,2.117619
21000.000000,2.117619
21000.000000,2.100000
21000.000000,2.100000
21000.000000,2.100000
