2023-01-17T16:32:51+01:00,Central spin expectation value time evolution,i7-1185G7,32GB,10.161120988s
10,100,0.5,{4 100},{1000 100 duuuudddd}
0.000000,-0.523666
1.000000,0.075732
2.000000,-0.067247
3.000000,-0.065781
4.000000,-0.007544
5.000000,-0.131406
6.000000,-0.028440
7.000000,-0.072257
8.000000,-0.104236
9.000000,-0.012867
10.000000,0.005688
11.000000,-0.072415
12.000000,-0.049560
13.000000,-0.016905
14.000000,-0.129040
15.000000,0.086857
16.000000,-0.091983
17.000000,-0.094543
18.000000,0.056039
19.000000,-0.092169
20.000000,0.018131
21.000000,-0.120732
22.000000,0.057194
23.000000,-0.091013
24.000000,-0.060099
25.000000,-0.059650
26.000000,0.006481
27.000000,-0.016797
28.000000,-0.110846
29.000000,-0.090276
30.000000,-0.071436
31.000000,-0.046921
32.000000,-0.063971
33.000000,-0.071869
34.000000,-0.114364
35.000000,-0.058199
36.000000,-0.027694
37.000000,-0.053348
38.000000,-0.073320
39.000000,-0.128490
40.000000,-0.120140
41.000000,-0.017806
42.000000,-0.097128
43.000000,0.066196
44.000000,-0.081374
45.000000,0.025436
46.000000,-0.137000
47.000000,-0.044061
48.000000,-0.004721
49.000000,-0.025768
50.000000,0.006307
51.000000,0.006342
52.000000,-0.085658
53.000000,-0.080704
54.000000,0.007251
55.000000,-0.016997
56.000000,0.000824
57.000000,-0.042895
58.000000,-0.062812
59.000000,-0.019075
60.000000,-0.099791
61.000000,-0.005859
62.000000,-0.021898
63.000000,-0.213555
64.000000,0.022842
65.000000,-0.107961
66.000000,0.016433
67.000000,-0.169348
68.000000,-0.024907
69.000000,-0.127421
70.000000,-0.110211
71.000000,-0.009848
72.000000,-0.084299
73.000000,-0.031845
74.000000,-0.053939
75.000000,-0.034491
76.000000,-0.052715
77.000000,-0.149274
78.000000,-0.008918
79.000000,-0.082855
80.000000,-0.055937
81.000000,-0.116322
82.000000,0.056690
83.000000,-0.042830
84.000000,-0.108830
85.000000,0.101437
86.000000,-0.206017
87.000000,0.051941
88.000000,-0.051502
89.000000,0.021694
90.000000,0.046490
91.000000,-0.162353
92.000000,-0.049909
93.000000,-0.062588
94.000000,-0.046082
95.000000,-0.009699
96.000000,-0.020097
97.000000,-0.142753
98.000000,-0.081781
99.000000,-0.067828
