2023-01-17T16:34:37+01:00,Central spin expectation value time evolution,i7-1185G7,32GB,37.577185ms
10,100,0.5,{4 100},{1000 100 uudddd}
0.000000,0.500000
1.000000,0.388570
2.000000,0.238821
3.000000,0.245376
4.000000,0.240733
5.000000,0.039458
6.000000,-0.179872
7.000000,-0.207382
8.000000,-0.196435
9.000000,-0.345196
10.000000,-0.491729
11.000000,-0.419665
12.000000,-0.275532
13.000000,-0.279313
14.000000,-0.297866
15.000000,-0.118927
16.000000,0.114695
17.000000,0.166552
18.000000,0.152058
19.000000,0.293941
20.000000,0.468887
21.000000,0.436765
22.000000,0.302716
23.000000,0.305310
24.000000,0.348528
25.000000,0.198158
26.000000,-0.043840
27.000000,-0.121088
28.000000,-0.106135
29.000000,-0.238068
30.000000,-0.435306
31.000000,-0.441852
32.000000,-0.319794
33.000000,-0.320456
34.000000,-0.388162
35.000000,-0.272908
36.000000,-0.031213
37.000000,0.069482
38.000000,0.056680
39.000000,0.177468
40.000000,0.392855
41.000000,0.437670
42.000000,0.329295
43.000000,0.325535
44.000000,0.414275
45.000000,0.338027
46.000000,0.105706
47.000000,-0.013628
48.000000,-0.003008
49.000000,-0.110559
50.000000,-0.340276
51.000000,-0.424251
52.000000,-0.333302
53.000000,-0.323698
54.000000,-0.428216
55.000000,-0.391218
56.000000,-0.174917
57.000000,-0.041905
58.000000,-0.051983
59.000000,0.038069
60.000000,0.276015
61.000000,0.398952
62.000000,0.330657
63.000000,0.316623
64.000000,0.432823
65.000000,0.433721
66.000000,0.237436
67.000000,0.093639
68.000000,0.103653
69.000000,0.035732
70.000000,-0.201715
71.000000,-0.359945
72.000000,-0.318156
73.000000,-0.302635
74.000000,-0.428687
75.000000,-0.467170
76.000000,-0.294670
77.000000,-0.141651
78.000000,-0.149498
79.000000,-0.105842
80.000000,0.122289
81.000000,0.309122
82.000000,0.294371
83.000000,0.278938
84.000000,0.413367
85.000000,0.490327
86.000000,0.347206
87.000000,0.187942
88.000000,0.190602
89.000000,0.170168
90.000000,-0.042428
91.000000,-0.251011
92.000000,-0.261661
93.000000,-0.245388
94.000000,-0.384478
95.000000,-0.499503
96.000000,-0.392301
97.000000,-0.232615
98.000000,-0.229017
99.000000,-0.229850
