2023-01-17T16:35:27+01:00,Central spin expectation value time evolution,ryzen 5800x,32GB,217.447161ms
10,100,0.5,{4 100},{1000 100 uuddddd}
0.000000,0.500000
1.000000,0.494138
2.000000,0.485753
3.000000,0.479485
4.000000,0.464372
5.000000,0.442524
6.000000,0.425225
7.000000,0.406224
8.000000,0.379448
9.000000,0.356424
10.000000,0.339434
11.000000,0.317951
12.000000,0.297252
13.000000,0.287027
14.000000,0.278615
15.000000,0.268152
16.000000,0.267260
17.000000,0.274303
18.000000,0.278615
19.000000,0.287040
20.000000,0.305929
21.000000,0.323983
22.000000,0.339220
23.000000,0.362175
24.000000,0.387346
25.000000,0.404906
26.000000,0.423261
27.000000,0.445702
28.000000,0.460065
29.000000,0.467533
30.000000,0.478085
31.000000,0.484119
32.000000,0.478759
33.000000,0.472753
34.000000,0.467403
35.000000,0.451732
36.000000,0.431008
37.000000,0.414720
38.000000,0.394256
39.000000,0.366459
40.000000,0.343638
41.000000,0.324726
42.000000,0.300172
43.000000,0.278149
44.000000,0.265967
45.000000,0.253433
46.000000,0.240024
47.000000,0.237340
48.000000,0.240618
49.000000,0.241046
50.000000,0.247841
51.000000,0.264466
52.000000,0.278936
53.000000,0.292672
54.000000,0.315258
55.000000,0.338377
56.000000,0.354672
57.000000,0.374096
58.000000,0.396638
59.000000,0.410236
60.000000,0.419216
61.000000,0.431683
62.000000,0.437698
63.000000,0.433284
64.000000,0.429817
65.000000,0.425164
66.000000,0.409298
67.000000,0.390232
68.000000,0.374902
69.000000,0.353124
70.000000,0.324990
71.000000,0.302607
72.000000,0.281719
73.000000,0.254631
74.000000,0.231779
75.000000,0.217518
76.000000,0.201044
77.000000,0.185253
78.000000,0.180755
79.000000,0.180075
80.000000,0.177007
81.000000,0.182335
82.000000,0.196308
83.000000,0.207236
84.000000,0.219772
85.000000,0.241673
86.000000,0.262449
87.000000,0.277777
88.000000,0.298239
89.000000,0.320459
90.000000,0.333444
91.000000,0.344243
92.000000,0.358352
93.000000,0.364310
94.000000,0.361362
95.000000,0.360532
96.000000,0.356443
97.000000,0.340894
98.000000,0.323993
99.000000,0.309571
