filename: "2023-05-14T22:01:11+02:00"
metadata:
  date: "2023-05-14T22:01:11+02:00"
  simulation: Central spin expectation value time evolution
  cpu: Ryzen 5800x
  ram: 32GB
  completiontime: 374.647µs
values:
  system:
    centralspin:
      angle: 0
      distance: 0
      interactionstrength: 0
    bath:
    - angle: 4.136462142204289e-13
      distance: 1.5
      interactionstrength: 142112.7548312361
    - angle: -2.0682310711021434e-13
      distance: 1.5
      interactionstrength: 142112.7548312361
    - angle: -2.0682310711021462e-13
      distance: 1.5
      interactionstrength: 142112.7548312361
    physicsconfig:
      bathdipolemoment: 1.77
      atomdipolemoment: 3626.87
      bathcount: 3
      spin: 0.5
      tiltangle: 6.28318530718
      constantdistance: 1.5
      geometry: ring
      interactioncoefficients: []
      bathmagneticfield: 100
      centralmagneticfield: 101
      timerange: 1
      dt: 1e-07
      initialket: dupm
      observablesconfig:
      - operator: Sz
        slot: 0
      magneticfieldrange: 0
      units: atomic
  eigenvalues:
  - "-2.84225510e+05"
  - "-2.46246512e+05"
  - "-2.46046512e+05"
  - "-1.42112755e+05"
  - "-1.42112755e+05"
  - "-2.00500000e+02"
  - "-1.00500000e+02"
  - "-1.00500000e+02"
  - "1.00500000e+02"
  - "1.00500000e+02"
  - "2.00500000e+02"
  - "1.42112755e+05"
  - "1.42112755e+05"
  - "2.46046512e+05"
  - "2.46246512e+05"
  - "2.84225510e+05"
  eigenvectors:
  - 0.00000000e+00,1.19426229e-16,2.22172637e-16,4.08247931e-01,3.10990555e-16,4.08247931e-01,4.08247931e-01,-1.55364940e-31,-3.53778237e-16,-4.08248650e-01,-4.08248650e-01,-5.28651902e-18,-4.08248650e-01,5.28651902e-18,7.77099474e-32,0.00000000e+00,
  - 0.00000000e+00,0.00000000e+00,0.00000000e+00,0.00000000e+00,0.00000000e+00,0.00000000e+00,0.00000000e+00,-7.07106063e-01,0.00000000e+00,0.00000000e+00,0.00000000e+00,4.08248705e-01,0.00000000e+00,4.08248705e-01,4.08248705e-01,0.00000000e+00,
  - 0.00000000e+00,4.08247876e-01,4.08247876e-01,5.93552452e-17,4.08247876e-01,-1.18116252e-16,-5.89045619e-17,4.20073142e-14,-7.07107499e-01,1.02231977e-16,-2.60308396e-19,-2.42273574e-14,1.02244760e-16,-2.42273574e-14,-2.42727056e-14,0.00000000e+00,
  - 0.00000000e+00,-1.02361608e-16,-3.21109199e-17,-2.89190038e-01,2.11262861e-16,5.77348947e-01,-2.88158909e-01,-9.28635363e-33,-2.74728444e-20,-2.88159922e-01,5.77350978e-01,-1.48184480e-17,-2.89191055e-01,1.48184480e-17,9.29292545e-33,0.00000000e+00,
  - 0.00000000e+00,7.69332105e-18,-3.67864994e-17,-5.58096672e-01,1.55425928e-16,1.51004597e-01,4.07092075e-01,-1.79223470e-32,-1.14482825e-19,4.07093507e-01,1.51005129e-01,-6.18440387e-17,-5.58098635e-01,6.42804243e-17,1.79350304e-32,0.00000000e+00,
  - 0.00000000e+00,0.00000000e+00,0.00000000e+00,0.00000000e+00,0.00000000e+00,0.00000000e+00,0.00000000e+00,0.00000000e+00,0.00000000e+00,0.00000000e+00,0.00000000e+00,0.00000000e+00,0.00000000e+00,0.00000000e+00,0.00000000e+00,1.00000000e+00,
  - 0.00000000e+00,0.00000000e+00,0.00000000e+00,0.00000000e+00,0.00000000e+00,0.00000000e+00,0.00000000e+00,-8.07883351e-17,0.00000000e+00,0.00000000e+00,0.00000000e+00,4.08248290e-01,0.00000000e+00,4.08248290e-01,-8.16496581e-01,0.00000000e+00,
  - 0.00000000e+00,1.30555001e-15,-5.50811279e-17,-4.10003101e-17,-1.29167053e-15,4.40481273e-17,-2.11722844e-17,9.20699535e-52,1.63471094e-35,1.04195832e-18,7.57290072e-21,-7.07106781e-01,4.17048241e-19,7.07106781e-01,4.23423841e-36,0.00000000e+00,
  - 0.00000000e+00,-7.07106781e-01,9.06086331e-18,2.12297024e-16,7.07106781e-01,2.27628362e-16,-4.41779385e-16,-1.51853834e-37,-2.26653081e-34,2.07190093e-16,3.77934592e-18,-2.54651743e-14,-6.22085607e-17,2.54790538e-14,-1.07365009e-34,0.00000000e+00,
  - 0.00000000e+00,-4.08248290e-01,8.16496581e-01,-5.91189894e-17,-4.08248290e-01,-5.91188908e-17,5.91189456e-17,-5.70565651e-20,-3.52318165e-19,-1.08178681e-19,-4.88916775e-20,-7.41823147e-18,9.04877845e-20,-7.41823147e-18,-4.03406251e-17,0.00000000e+00,
  - 1.00000000e+00,0.00000000e+00,0.00000000e+00,0.00000000e+00,0.00000000e+00,0.00000000e+00,0.00000000e+00,0.00000000e+00,0.00000000e+00,0.00000000e+00,0.00000000e+00,0.00000000e+00,0.00000000e+00,0.00000000e+00,0.00000000e+00,0.00000000e+00,
  - 0.00000000e+00,1.93145579e-17,3.35013007e-17,5.57059414e-01,-1.89507635e-16,-1.47135315e-01,-4.09924099e-01,-1.79349738e-32,1.14471273e-19,4.09922657e-01,1.47134797e-01,-3.72395004e-17,-5.57057454e-01,3.95409929e-17,-1.79222994e-32,0.00000000e+00,
  - 0.00000000e+00,1.77966641e-16,-2.42786791e-17,-1.51721175e-01,-1.10480714e-16,5.58288192e-01,-4.06567017e-01,4.88532347e-33,1.70568609e-21,4.06565586e-01,-5.58286228e-01,5.54991178e-18,1.51720642e-01,-4.94590261e-18,4.88187109e-33,0.00000000e+00,
  - 0.00000000e+00,0.00000000e+00,0.00000000e+00,0.00000000e+00,0.00000000e+00,0.00000000e+00,0.00000000e+00,-7.07107499e-01,0.00000000e+00,0.00000000e+00,0.00000000e+00,-4.08247876e-01,0.00000000e+00,-4.08247876e-01,-4.08247876e-01,0.00000000e+00,
  - 0.00000000e+00,4.08248705e-01,4.08248705e-01,5.88816223e-17,4.08248705e-01,-1.18360599e-16,-5.93343153e-17,4.20082072e-14,7.07106063e-01,-1.02563019e-16,-2.61255736e-19,2.42790112e-14,-1.02550336e-16,2.42790112e-14,2.42337100e-14,0.00000000e+00,
  - 0.00000000e+00,-2.38647486e-16,-2.23193271e-16,-4.08248650e-01,-1.94079383e-16,-4.08248650e-01,-4.08248650e-01,-1.55119515e-31,-3.55653859e-16,-4.08247931e-01,-4.08247931e-01,-5.27778871e-18,-4.08247931e-01,5.27778871e-18,-7.75323425e-32,0.00000000e+00,
xys:
- - x: 0
    "y": -0.4536717447871028
