2023-01-17T15:54:33+01:00,Central spin exp. val. evoluiton,i7-1185G7,32GB,10.482832ms
1,20,0.5,{4 100},{100 100 udddd}
0.000000,0.500000
1.000000,0.415715
2.000000,0.191276
3.000000,-0.097649
4.000000,-0.353654
5.000000,-0.490427
6.000000,-0.461858
7.000000,-0.277578
8.000000,0.000284
9.000000,0.278051
10.000000,0.462076
11.000000,0.490316
12.000000,0.353252
13.000000,0.097093
14.000000,-0.191801
15.000000,-0.416030
16.000000,-0.499999
17.000000,-0.415399
18.000000,-0.190751
19.000000,0.098207
20.000000,0.354055
21.000000,0.490538
22.000000,0.461640
23.000000,0.277106
24.000000,-0.000852
25.000000,-0.278522
26.000000,-0.462292
27.000000,-0.490205
28.000000,-0.352850
29.000000,-0.096535
30.000000,0.192325
31.000000,0.416345
32.000000,0.499999
33.000000,0.415083
34.000000,0.190226
35.000000,-0.098763
36.000000,-0.354456
37.000000,-0.490647
38.000000,-0.461422
39.000000,-0.276633
40.000000,0.001420
41.000000,0.278994
42.000000,0.462508
43.000000,0.490093
44.000000,0.352447
45.000000,0.095978
46.000000,-0.192849
47.000000,-0.416659
48.000000,-0.499997
49.000000,-0.414766
50.000000,-0.189700
51.000000,0.099320
52.000000,0.354856
53.000000,0.490756
54.000000,0.461203
55.000000,0.276160
56.000000,-0.001988
57.000000,-0.279465
58.000000,-0.462724
59.000000,-0.489979
60.000000,-0.352044
61.000000,-0.095420
62.000000,0.193373
63.000000,0.416973
64.000000,0.499995
65.000000,0.414448
66.000000,0.189175
67.000000,-0.099877
68.000000,-0.355256
69.000000,-0.490864
70.000000,-0.460983
71.000000,-0.275686
72.000000,0.002556
73.000000,0.279936
74.000000,0.462939
75.000000,0.489866
76.000000,0.351640
77.000000,0.094863
78.000000,-0.193897
79.000000,-0.417286
80.000000,-0.499992
81.000000,-0.414130
82.000000,-0.188649
83.000000,0.100434
84.000000,0.355656
85.000000,0.490972
86.000000,0.460763
87.000000,0.275212
88.000000,-0.003124
89.000000,-0.280407
90.000000,-0.463153
91.000000,-0.489752
92.000000,-0.351236
93.000000,-0.094305
94.000000,0.194421
95.000000,0.417599
96.000000,0.499988
97.000000,0.413812
98.000000,0.188123
99.000000,-0.100990
