2023-01-18T15:38:43+01:00,Central spin expectation value time evolution,i7-1185G7,32GB,444.622822ms
1,20,0.5,{4 100},{100 100 uuddddd [{Sz 0} {Sz 3}]}
0.000000,-0.500000
1.000000,-0.477967
2.000000,-0.477371
3.000000,-0.491441
4.000000,-0.470764
5.000000,-0.473644
6.000000,-0.470784
7.000000,-0.459821
8.000000,-0.485299
9.000000,-0.473107
10.000000,-0.455949
11.000000,-0.482418
12.000000,-0.478489
13.000000,-0.480821
14.000000,-0.495303
15.000000,-0.479524
16.000000,-0.488940
17.000000,-0.487523
18.000000,-0.463591
19.000000,-0.483293
20.000000,-0.484025
21.000000,-0.461962
22.000000,-0.471726
23.000000,-0.466551
24.000000,-0.469174
25.000000,-0.483871
26.000000,-0.463783
27.000000,-0.474737
28.000000,-0.496057
29.000000,-0.477501
30.000000,-0.487890
31.000000,-0.492509
32.000000,-0.476351
33.000000,-0.485775
34.000000,-0.470982
35.000000,-0.467017
36.000000,-0.489331
37.000000,-0.465019
38.000000,-0.456901
39.000000,-0.475766
40.000000,-0.467445
41.000000,-0.479506
42.000000,-0.485173
43.000000,-0.473016
44.000000,-0.495152
45.000000,-0.489226
46.000000,-0.470699
47.000000,-0.493696
48.000000,-0.483761
49.000000,-0.469596
50.000000,-0.479840
51.000000,-0.464058
52.000000,-0.472536
53.000000,-0.478323
54.000000,-0.451134
55.000000,-0.472016
56.000000,-0.486565
57.000000,-0.472438
58.000000,-0.490095
59.000000,-0.487569
60.000000,-0.481064
61.000000,-0.494462
62.000000,-0.474473
63.000000,-0.476615
64.000000,-0.493890
65.000000,-0.465680
66.000000,-0.463366
67.000000,-0.474307
68.000000,-0.462146
69.000000,-0.475318
70.000000,-0.471457
71.000000,-0.465281
72.000000,-0.494892
73.000000,-0.484334
74.000000,-0.475374
75.000000,-0.496338
76.000000,-0.483071
77.000000,-0.481877
78.000000,-0.485783
79.000000,-0.468570
80.000000,-0.482082
81.000000,-0.473995
82.000000,-0.449288
83.000000,-0.471789
84.000000,-0.475460
85.000000,-0.467895
86.000000,-0.484126
87.000000,-0.476099
88.000000,-0.484029
89.000000,-0.497225
90.000000,-0.473427
91.000000,-0.485715
92.000000,-0.496155
93.000000,-0.470148
94.000000,-0.478135
95.000000,-0.475562
96.000000,-0.463490
97.000000,-0.476590
98.000000,-0.458231
99.000000,-0.461204
