2023-01-18T15:43:21+01:00,Central spin expectation value time evolution,i7-1185G7,32GB,461.437409ms
1,20,0.5,{4 100},{100 100 uuddddd [{Sz 1} {Sz 4}]}
0.000000,-0.500000
1.000000,-0.148443
2.000000,-0.127928
3.000000,-0.407638
4.000000,-0.149457
5.000000,-0.281675
6.000000,-0.325413
7.000000,-0.101183
8.000000,-0.437527
9.000000,-0.284174
10.000000,-0.006201
11.000000,-0.404407
12.000000,-0.281448
13.000000,-0.155988
14.000000,-0.337658
15.000000,-0.172728
16.000000,-0.318935
17.000000,-0.336392
18.000000,-0.024336
19.000000,-0.281941
20.000000,-0.402060
21.000000,-0.156630
22.000000,-0.283209
23.000000,-0.266480
24.000000,-0.255640
25.000000,-0.352427
26.000000,-0.080140
27.000000,-0.213367
28.000000,-0.459302
29.000000,-0.147174
30.000000,-0.221588
31.000000,-0.279342
32.000000,-0.198454
33.000000,-0.377868
34.000000,-0.141820
35.000000,-0.156293
36.000000,-0.487577
37.000000,-0.184700
38.000000,-0.151462
39.000000,-0.357281
40.000000,-0.180916
41.000000,-0.310915
42.000000,-0.287547
43.000000,-0.086398
44.000000,-0.428829
45.000000,-0.297080
46.000000,0.007925
47.000000,-0.382736
48.000000,-0.264586
49.000000,-0.162692
50.000000,-0.407289
51.000000,-0.140993
52.000000,-0.284398
53.000000,-0.415439
54.000000,0.004279
55.000000,-0.293309
56.000000,-0.425553
57.000000,-0.094179
58.000000,-0.303093
59.000000,-0.293989
60.000000,-0.163926
61.000000,-0.371830
62.000000,-0.130453
63.000000,-0.142099
64.000000,-0.495061
65.000000,-0.173520
66.000000,-0.149078
67.000000,-0.390796
68.000000,-0.192446
69.000000,-0.293363
70.000000,-0.245527
71.000000,-0.123507
72.000000,-0.457372
73.000000,-0.241246
74.000000,-0.063985
75.000000,-0.334484
76.000000,-0.256659
77.000000,-0.247140
78.000000,-0.271191
79.000000,-0.148030
80.000000,-0.391271
81.000000,-0.318270
82.000000,-0.044333
83.000000,-0.308318
84.000000,-0.332124
85.000000,-0.194790
86.000000,-0.330523
87.000000,-0.162576
88.000000,-0.283899
89.000000,-0.399080
90.000000,0.001373
91.000000,-0.250492
92.000000,-0.418999
93.000000,-0.124838
94.000000,-0.323160
95.000000,-0.255490
96.000000,-0.167377
97.000000,-0.432526
98.000000,-0.126940
99.000000,-0.143987
